0.4592714309692383
0.4596223831176758
0.2499990463256836
0.4675157070159912
0.2561814785003662
0.26056838035583496
0.2568061351776123
0.2559373378753662
0.2529902458190918
0.5596702098846436
0.2904791831970215
0.26336240768432617
0.2529268264770508
0.25760698318481445
0.2630155086517334
0.28963327407836914
0.2603275775909424
0.2504844665527344
0.3248879909515381
0.24893689155578613
0.2572634220123291
0.2644472122192383
0.26363396644592285
0.24989581108093262
0.24699139595031738
0.25710439682006836
0.2961862087249756
0.25229954719543457
0.25452709197998047
0.25156688690185547
0.26394081115722656
0.2576000690460205
0.25397443771362305
0.25907135009765625
0.25661134719848633
0.25870656967163086
0.25402355194091797
0.26308417320251465
0.2479851245880127
0.24898147583007812
0.25232720375061035
0.2510640621185303
0.2739582061767578
0.2605464458465576
0.24960803985595703
0.24884557723999023
0.24811029434204102
0.25255370140075684
0.2606487274169922
0.25459933280944824
0.25560784339904785
0.25646042823791504
0.25830554962158203
0.26920557022094727
0.26044583320617676
0.25215959548950195
0.2537963390350342
0.25356531143188477
0.25031232833862305
0.2559208869934082
0.24768900871276855
0.26386380195617676
0.2601964473724365
0.2472398281097412
0.27905917167663574
0.2765495777130127
0.26358747482299805
0.25241947174072266
0.2618272304534912
0.268479585647583
0.25288915634155273
0.25435614585876465
0.2457573413848877
0.2623281478881836
0.2535538673400879
0.26024794578552246
0.2525148391723633
0.25643348693847656
0.24641776084899902
0.250152587890625
0.24767613410949707
0.25311899185180664
0.2819383144378662
0.25364184379577637
0.25638365745544434
0.25237178802490234
0.25473713874816895
0.25336432456970215
0.2573540210723877
0.254730224609375
0.2505621910095215
0.24828267097473145
0.25313687324523926
0.24983978271484375
0.25838470458984375
0.2562689781188965
0.24762678146362305
0.25937938690185547
0.25333380699157715
0.25488758087158203
0.2584681510925293
0.2491137981414795
0.2601451873779297
0.25699806213378906
0.2514345645904541
0.2592027187347412
0.25371432304382324
0.2482748031616211
0.24925613403320312
0.2491927146911621
0.26503491401672363
0.256455659866333
0.26007533073425293
0.25197339057922363
0.25696325302124023
0.2504916191101074
0.25124359130859375
0.2593240737915039
0.25102949142456055
0.25106358528137207
0.2524707317352295
0.25667881965637207
0.24944496154785156
0.25768613815307617
0.2931041717529297
0.2704453468322754
0.27480411529541016
0.24749445915222168
0.2513597011566162
0.25960850715637207
0.25410914421081543
0.2707643508911133
0.25556445121765137
0.2533376216888428
0.2544548511505127
0.2469620704650879
0.24948358535766602
0.2520127296447754
0.2541487216949463
0.2632739543914795
0.25877952575683594
0.25018787384033203
0.24988794326782227
0.26174473762512207
0.2521958351135254
0.2521350383758545
0.2510991096496582
0.2533266544342041
0.25169968605041504
0.25757527351379395
0.25442028045654297
0.269425630569458
0.25345683097839355
0.2740757465362549
0.24917149543762207
0.24565505981445312
0.2569856643676758
0.25759410858154297
0.26014280319213867
0.2559225559234619
0.2546677589416504
0.2566239833831787
0.26615166664123535
0.29089927673339844
0.26195406913757324
0.25353503227233887
0.24854302406311035
0.2521646022796631
0.2581312656402588
0.25401926040649414
0.250046968460083
0.25502705574035645
0.25591373443603516
0.25028562545776367
0.24945998191833496
0.24989843368530273
0.2554891109466553
0.25433897972106934
0.2550642490386963
0.25220346450805664
0.2828984260559082
0.25540757179260254
0.24990415573120117
0.4029874801635742
0.2666809558868408
0.2538337707519531
0.25313544273376465
0.24891376495361328
0.2500946521759033
0.2597167491912842
0.2579951286315918
0.2798423767089844
0.2616908550262451
0.2599983215332031
0.25634098052978516
0.25449037551879883
0.24699068069458008
0.2653963565826416
0.26866888999938965
0.2605888843536377
0.25128602981567383
0.2647111415863037
0.2548642158508301
0.24996137619018555
0.24799585342407227
0.25210070610046387
0.250108003616333
0.2566826343536377
0.2532227039337158
0.2524430751800537
0.24749469757080078
0.24983787536621094
0.24951577186584473
0.2538261413574219
0.2563667297363281
0.2906687259674072
0.24959635734558105
0.25092434883117676
0.24948859214782715
0.26317930221557617
0.2509765625
0.2595374584197998
0.25601816177368164
0.2590656280517578
0.2521955966949463
0.24869036674499512
0.25154590606689453
0.2702507972717285
0.2580742835998535
0.2588024139404297
0.25962305068969727
0.2607417106628418
0.25305604934692383
0.25974512100219727
0.2524995803833008
0.254849910736084
0.25847339630126953
0.25495338439941406
0.29281187057495117
0.2501516342163086
0.2600100040435791
0.25374341011047363
0.24902677536010742
0.251924991607666
0.2522754669189453
0.26316165924072266
0.2539560794830322
0.25520968437194824
0.2561604976654053
0.2602980136871338
0.2512352466583252
0.2513415813446045
0.2645282745361328
0.26311612129211426
0.2538769245147705
0.2615182399749756
0.253312349319458
0.2543480396270752
0.25622081756591797
0.24995017051696777
0.25632715225219727
0.27271509170532227
0.25708484649658203
0.2550075054168701
0.250213623046875
0.2517561912536621
0.2540013790130615
0.2545599937438965
0.26457691192626953
0.2512061595916748
0.24804925918579102
0.24469685554504395
0.25963306427001953
0.25811219215393066
0.25771260261535645
0.25478100776672363
0.2506139278411865
0.255509614944458
0.29006123542785645
0.254183292388916
0.2600131034851074
0.269848108291626
0.4607987403869629
0.26331067085266113
0.2605297565460205
0.25083374977111816
0.24982237815856934
0.24954438209533691
0.2540130615234375
0.2571141719818115
0.2468118667602539
0.2545492649078369
0.24734044075012207
0.24843335151672363
0.2518799304962158
0.25189733505249023
0.2904543876647949
0.2545907497406006
0.273998498916626
0.25434350967407227
0.25542211532592773
0.24459123611450195
0.25684380531311035
0.2559666633605957
0.25371265411376953
0.2642519474029541
0.25229835510253906
0.24757933616638184
0.25604915618896484
0.256000280380249
0.27591657638549805
0.2580702304840088
0.24631762504577637
0.2509140968322754
0.2481400966644287
0.24627399444580078
0.25897645950317383
0.25620222091674805
0.25276708602905273
0.26047515869140625
0.31741809844970703
0.2543153762817383
0.26727771759033203
0.2568659782409668
0.25494933128356934
0.25800371170043945
0.25248098373413086
0.24933552742004395
0.25168466567993164
0.250762939453125
0.2547423839569092
0.25238800048828125
0.2512342929840088
0.25533485412597656
0.2472858428955078
0.28813743591308594
0.2612593173980713
0.261138916015625
0.251462459564209
0.2628192901611328
0.26117420196533203
0.24844074249267578
0.2593557834625244
0.25283312797546387
0.26056551933288574
0.25345778465270996
0.2757694721221924
0.25161194801330566
0.26749348640441895
0.2526113986968994
0.2661325931549072
0.2580840587615967
0.25419139862060547
0.2460339069366455
0.25368309020996094
0.28171706199645996
0.27512526512145996
0.26996493339538574
0.3108043670654297
0.2543375492095947
0.25156283378601074
0.25251269340515137
0.25030040740966797
0.2531733512878418
0.25690460205078125
0.2560439109802246
0.24674463272094727
0.25801753997802734
0.2646641731262207
0.24879956245422363
0.2550365924835205
0.25400876998901367
0.25001955032348633
0.25727081298828125
0.2827286720275879
0.2774674892425537
0.2609565258026123
0.26064634323120117
0.2619016170501709
0.254561185836792
0.2609703540802002
0.2511606216430664
0.24947261810302734
0.24953746795654297
0.2528095245361328
0.2590138912200928
0.25023627281188965
0.25125861167907715
0.24737811088562012
0.2540397644042969
0.2550983428955078
0.2507317066192627
0.2537198066711426
0.26459765434265137
0.28055715560913086
0.25307488441467285
0.2509329319000244
0.25332069396972656
0.25150513648986816
0.3056004047393799
0.2675161361694336
0.2566184997558594
0.24802494049072266
0.24939966201782227
0.2702598571777344
0.25005412101745605
0.2538177967071533
0.27957963943481445
0.24991726875305176
0.25957274436950684
0.24433541297912598
0.25191569328308105
0.2584872245788574
0.2577176094055176
0.25748610496520996
0.2896599769592285
0.2521395683288574
0.2563474178314209
0.25258827209472656
0.2603602409362793
0.25745081901550293
0.2520287036895752
0.26122355461120605
0.25196027755737305
0.24898171424865723
0.2710089683532715
0.26478052139282227
0.25548458099365234
0.25431275367736816
0.254638671875
0.2569730281829834
0.26800084114074707
0.25174498558044434
0.2536959648132324
0.2601487636566162
0.2552042007446289
0.2508673667907715
0.2509043216705322
0.2460794448852539
0.24562311172485352
0.2540123462677002
0.2589290142059326
0.25090479850769043
0.24974370002746582
0.2523481845855713
0.2604682445526123
0.26007723808288574
0.25099968910217285
0.25490498542785645
0.2645585536956787
0.25719428062438965
0.2528982162475586
0.2538774013519287
0.25963330268859863
0.2589423656463623
0.2808873653411865
0.2568812370300293
0.2548515796661377
0.25115108489990234
0.26433753967285156
0.25408196449279785
0.24540281295776367
0.2502317428588867
0.24950003623962402
0.24985384941101074
0.25747060775756836
0.2527909278869629
0.25199031829833984
0.2616291046142578
0.24762201309204102
0.24979782104492188
0.2535519599914551
0.25414109230041504
0.24928975105285645
0.2531907558441162
0.258364200592041
0.24593710899353027
0.2521181106567383
0.25397729873657227
0.25225138664245605
0.25730371475219727
0.24965929985046387
0.25583481788635254
0.25543665885925293
0.2458651065826416
0.25469088554382324
0.2506740093231201
0.2566368579864502
0.2599937915802002
0.25724101066589355
0.266099214553833
0.27888917922973633
0.25544238090515137
0.2468700408935547
0.25518345832824707
0.2525503635406494
0.2506835460662842
0.25424957275390625
0.25606226921081543
0.25327253341674805